   94.23   95.52   99.17   86.81   89.52   95.23   7   2    0.87   60.52   76.13   92.01
    94.5   95.63   99.86   86.47   89.61    95.8   4   6    0.25   60.35   76.88   92.88
   94.95   95.45   99.58    86.3   89.66   95.58   6   6 0.7   60.45   76.38   92.82
   94.51   95.02   99.83   86.32   89.12   95.76   6   6    1.07   60.39   76.31   92.09
   94.14   95.71   99.37   86.33   89.65   95.22   4   4    0.82   60.72   76.18   92.68
   94.16   95.98   99.06   86.22   89.69   95.31   3   5    0.84   60.49   76.07   92.71
   94.18   95.45   99.19   86.27   89.06   95.68   6   5    0.23   60.19   76.19   92.16
   94.99   95.61   99.26   86.91   89.86   95.63   4   3    0.59   60.88   76.93   92.91
   94.73   95.17   99.59   86.54   89.58   95.28   6   4    1.01   60.12   76.21    92.2
   94.25   95.77   99.28   86.32   89.08   95.61   6   6    0.73   60.81   76.13   92.86
   94.31   95.74   99.47   86.03   89.02   95.97   3   2    1.09   60.16   76.38   92.99
   94.12   95.83   99.83   86.43   89.74   95.87   7   5    0.39   60.26   76.86   92.98
    94.2   95.13    99.8   86.39   89.76   95.43   3   6    0.53   60.94   76.98   92.16
   94.35   95.16   99.41   86.21   89.83   95.57   3   2    1.06   60.14   76.74   92.98
   94.77   95.92   99.51    86.8   89.96   95.44   6   3    0.52   60.84   76.73   92.34
   94.84   95.69   99.34   86.75   89.17   95.94   9   5 0.9   60.66   76.41   92.44
   94.72   95.33   99.98   86.73   89.98   95.82   6   6    0.23   60.52   76.62   92.89
   94.65   95.01   99.49   86.13   89.51   95.39   8   4    0.24   60.15   76.38   92.14
   94.73   95.12    99.5   86.17   89.57  96   4   6    0.83   60.32   76.51   92.17
   94.44   95.04    99.7    86.1   89.83   95.09   4   5    0.12   60.37   76.43   92.98
    94.7   95.26   99.45   86.83   89.54   95.62   9   4    0.36   60.61   76.56   92.26
   94.16   95.06   99.72   86.12    89.3   95.16   6   4    0.93   60.63   76.18   92.22
  95   95.62   99.84   86.95   89.92   95.14   6   6    0.26   60.71   76.72   92.52
   94.63   95.44   99.89   86.99   89.36   95.78   9   6    0.37   60.74   76.72   92.79
   94.84   95.26   99.69   86.15   89.35   95.93   5   2    0.31   60.37   76.04   92.14
   94.39   95.99   99.69   86.53   89.03   95.77   3   2 0.8   60.46   76.06   92.64
    94.1   95.29   99.25   86.45   89.83   95.96   8   2    0.81   60.76   76.81   92.76
   94.89    95.8    99.1   86.28   89.51    95.9   3   6    0.81    60.6   76.45   92.14
   94.37   95.22   99.97   86.21   89.77   95.05   8   5    1.08   60.05   76.47    92.2
   94.93   95.66   99.72   86.29    89.2   95.57   7   6    0.16   60.61   76.46   92.57
   94.36   95.98   99.33   86.24   89.34   95.65   9   2    0.34   60.61   76.41    92.2
   94.52   95.09   99.77   86.01   89.96   95.25   6   4   1   60.78   76.88   92.68
    94.6    95.4   99.46   86.94   89.15   95.26   3   3    0.82   60.68   76.49   92.23
   94.93   95.86   99.86   86.16   89.62   95.26   4   4    0.46   60.98   76.46   92.25
   94.45   95.33   99.57   86.46   89.25   95.29   7   2 0.2   60.68   76.42   92.42
   94.18   95.14   99.62   86.74   89.97   95.35   3   2    0.47   60.95   76.42   92.81
   94.45   95.26   99.24   86.98   89.41   95.63   4   3    0.42  60  77   92.46
    94.7   95.17   99.05   86.07   89.89   95.64   8   3    0.95    60.2   76.81   92.32
   94.95   95.56   99.44   86.07   89.72   95.65   8   6    0.73   60.45   76.04   92.62
   94.46   95.47   99.76   86.86    89.9   95.25   5   3    0.28   60.41   76.67   92.98
   94.07   95.25   99.43   86.01   89.57   95.85   5   6    1.07   60.19   76.27   92.84
   94.27   95.72   99.06   86.43  90   95.45   9   4    0.14   60.45   76.99   92.09
   94.95   95.32   99.44   86.26   89.81   95.03   8   3    0.83   60.26   76.87   92.86
   94.47   95.06   99.72   86.88   89.77   95.35   3   6    0.58   60.93   76.51   92.97
   94.36   95.64   99.19   86.01   89.36   95.03   5   3    0.81   60.71   76.98   92.41
   94.93   95.05   99.68   86.43    89.9    95.2   3   2    0.45   60.29    76.3    92.9
   94.56   95.45   99.18   86.69   89.04   95.06   7   6    0.57   60.17   76.92   92.45
   94.35   95.19    99.5   86.76   89.85    95.2   3   5    0.16   60.52   76.16   92.23
   94.54   95.33   99.84   86.65   89.75   95.52   8   4    1.09   60.13   76.27   92.54
   94.84   95.91   99.67   86.39   89.04   95.95   4   5    0.72   60.41   76.87   92.41
   94.51   95.84   99.43   86.83   89.95    95.5   4   5    0.71    60.7   76.74   92.18
   94.88   95.27   99.67   86.22   89.18   95.33   5   4    1.06   60.31   76.22    92.2
   94.73   95.65   99.86   86.54    89.5   95.71   5   4    0.37   60.93   76.84    92.3
   94.54   95.05   99.91   86.01   89.98   95.13   6   4    0.78   60.53    76.8   92.89
   94.68   95.24   99.18   86.27    89.7   95.08   9   6    0.25   60.72   76.42   92.72
   94.02    95.6   99.42   86.05   89.17   95.04   3   3    1.06   60.28   76.75    92.6
   94.49   95.18  99   86.57   89.77   95.85   9   3    0.61    60.3   76.96   92.76
   94.55   95.06   99.41   86.75   89.86   95.38   7   2    1.02   60.14   76.16    92.6
   94.71   95.01   99.69   86.02   89.56   95.27   4   5    1.04   60.21   76.71   92.87
   94.49   95.26   99.59   86.43   89.15   95.23   6   2 0.3   60.13   76.36   92.76
    94.4   95.58   99.34   86.21   89.63   95.86   6   2    0.93   60.95   76.59   92.29
    94.9   95.17   99.38   86.08   89.08   95.31   9   3    0.98   60.34   76.05   92.01
   94.51   95.04    99.6   86.84   89.57   95.16   8   3    0.32   60.08   76.02   92.88
   94.29   95.85   99.79   86.22   89.92   95.21   7   3    0.83   60.09    76.2    92.9
    94.6   95.36   99.32   86.84   89.68   95.16   5   6    1.06   60.96   76.39   92.87
   94.74   95.05   99.31   86.83   89.76   95.38   4   5    0.85   60.68   76.73    92.2
   94.85   95.45   99.94   86.56   89.99    95.2   4   4    0.26  60   76.53    92.8
   94.33   95.32   99.42   86.31   89.35   95.51   7   3    0.14    60.7   76.09   92.52
   94.39   95.74   99.82   86.05   89.53   95.46   4   6    1.02   60.55   76.82   92.42
   94.85   95.66   99.03   86.52   89.36   95.64   5   4    1.07   60.91   76.59    92.1
   94.94   95.48   99.22   86.36   89.96   95.05   9   3    0.56   60.22   76.24   92.75
   94.91   95.81   99.72    86.9   89.88   95.68   5   6    0.77   60.65   76.55   92.59
   94.77   95.43   99.24   86.94   89.47   95.58   8   2    0.58   60.91   76.17    92.1
   94.23   95.02   99.75   86.62   89.24    95.6   3   5    0.92   60.86   76.29   92.88
   94.95   95.28   99.49    86.1   89.02   95.38   8   5    0.98   60.33   76.03   92.25
   94.37   95.45    99.9   86.82   89.15   95.13   5   4    0.86   60.59   76.88  92
   94.97   95.46   99.55   86.47   89.93   95.25   6   2    0.88   60.04   76.67   92.63
   94.67   95.06   99.15    86.9   89.18   95.02   7   3    1.02   60.19   76.78   92.17
   94.59    95.7   99.38   86.64   89.67   95.72   8   2    0.94   60.14   76.71   92.55
   94.58   95.16   99.14   86.86   89.51   95.92   3   4    0.67   60.92   76.21   92.76
   94.07   95.98   99.34   86.74    89.1   95.96   5   2   1   60.48   76.51   92.58
   94.27    95.4   99.43   86.73  89   95.72   4   3    0.94   60.25   76.39   92.46
   94.69   95.16    99.2   86.16   89.92    95.2   6   2    1.04   60.44   76.11   92.89
   94.55   95.46   99.65   86.05   89.62   95.58   6   3    0.21   60.63   76.56   92.38
   94.56   95.09   99.88    86.3   89.48   95.73   9   5    0.46   60.24   76.91   92.72
   94.08   95.17   99.36    86.4    89.1    95.4   6   2    0.75   60.88   76.84   92.34
   94.75   95.37   99.99   86.42    89.9   95.44   6   6    0.64   60.86   76.13   92.88
   94.96   95.31   99.79   86.01   89.98   95.93   5   2    0.74   60.11    76.9   92.14
   94.82   95.61   99.22   86.49   89.46   95.95   5   4    0.86    60.5   76.18   92.31
   94.58   95.86   99.37   86.42   89.98   95.43   7   6    0.56   60.21   76.38   92.89
    94.5   95.25   99.55   86.15   89.38    95.3   6   6    0.45   60.62   76.77   92.76
   94.76    95.9   99.08   86.22   89.54   95.87   6   2    0.38   60.93   76.24   92.45
   94.81   95.97   99.22   86.72   89.83   95.18   6   5    0.39   60.49   76.83   92.42
   94.28   95.06   99.59   86.84   89.87    95.7   6   3    0.12   60.48   76.79   92.91
   94.45   95.66   99.55    86.3   89.34   95.73   7   4    1.05    60.4   76.26   92.74
   94.67   95.47   99.27   86.39   89.18   95.22   8   5    0.64   60.71   76.66   92.11
   94.51   95.93    99.6   86.83   89.41   95.95   3   2    0.41    60.3   76.55   92.21
   94.31   95.34   99.93   86.58   89.27   95.42   4   6    0.36   60.85   76.48   92.28
   94.48   95.24   99.57   86.38   89.56   95.58   7   6    0.46   60.14   76.07    92.3
   94.83    95.1   99.44   86.71   89.38   95.51   4   6    1.02   60.86    76.4   92.66
   94.57   95.48   99.06   86.34   89.56   95.62   7   2    1.01   60.65   76.33   92.32
   94.91   95.04   99.12    86.7   89.47    95.9   4   3    0.95   60.23    76.5   92.27
   94.38   95.25   99.14   86.78   89.13   95.39   8   5    0.74   60.82   76.97   92.51
   94.28   95.58   99.99    86.2   89.69   95.81   9   2    0.51   60.46   76.88   92.68
   94.84   95.58   99.26   86.81   89.77   95.13   9   3    0.59   60.76   76.53   92.09
   94.08   95.07   99.79   86.76   89.19   95.41   7   5    0.89   60.05   76.68   92.86
   94.44   95.33   99.87   86.05   89.06   95.22   7   4 0.5   60.31   76.14   92.35
   94.56   95.16    99.8   86.03   89.33   95.53   7   5    0.23   60.04   76.83    92.1
    94.9   95.02   99.97   86.13    89.2   95.87   6   4    0.39   60.09    76.9   92.93
   94.07   95.72   99.53   86.09   89.07   95.96   5   5    1.04   60.13   76.64  92
   94.98   95.35   99.42   86.25   89.84   95.46   3   6 0.5   60.16   76.18   92.99
    94.3   95.38    99.2   86.78   89.78   95.25   4   2    0.93   60.39   76.27   92.51
    94.7    95.2   99.05   86.84   89.28   95.43   7   5    1.06   60.24   76.66   92.62
   94.97   95.51   99.96   86.13   89.28   95.14   7   3    0.68   60.45   76.86   92.01
   94.91   95.22   99.64   86.24   89.96   95.65   5   4    0.21   60.45   76.21   92.14
    94.7   95.91   99.08   86.82   89.27    95.5   6   4    0.57   60.38   76.64   92.49
   94.06   95.98    99.6   86.46   89.24   95.48   7   4    0.26   60.69   76.58   92.62
   94.29   95.96   99.76   86.74   89.04   95.88   3   3 0.1   60.98   76.74    92.8
   94.35   95.69    99.6  86   89.53   95.27   3   6    0.33   60.52    76.9   92.34
    94.2   95.35   99.95   86.59   89.44   95.59   8   4    0.92   60.77   76.85    92.9
   94.22   95.46   99.92   86.76   89.68   95.53   4   3    0.17   60.64   76.02   92.38
   94.49   95.41   99.78   86.51   89.24   95.34   9   3    0.16   60.47   76.68   92.24
   94.11   95.16   99.65   86.94   89.77   95.58   8   3    0.42   60.89   76.57   92.27
   94.95  96 100   86.89    89.8   95.46   9   2    1.05   60.04   76.29    92.2
   94.49   95.79   99.68    86.1   89.13   95.79   9   4    1.09   60.85  77   92.67
   94.58   95.87   99.06   86.07   89.96   95.67   8   2    0.82   60.31   76.13   92.49
   94.32    95.5   99.51   86.21   89.67   95.41   5   5    0.42   60.99   76.22   92.11
   94.42   95.74   99.15   86.24   89.37   95.42   3   6    0.97   60.16   76.98   92.77
   94.71   95.03   99.89   86.76   89.62   95.92   8   4    0.98   60.38   76.27   92.85
   94.63   95.78   99.92   86.37   89.02    95.8   3   4    0.75   60.28   76.66   92.23
   94.95   95.87   99.27   86.01   89.46   95.98   6   3    0.19   60.99   76.61   92.77
   94.95    95.8   99.13   86.16   89.19   95.01   4   2    0.12   60.45   76.56   92.23
   94.87   95.89   99.02   86.21   89.25    95.9   4   6    1.04   60.49   76.37   92.25
   94.39   95.86   99.01   86.08    89.6   95.33   9   5    0.85   60.43   76.99   92.06
   94.41   95.53   99.52   86.93   89.22   95.72   3   6    0.15   60.66   76.31   92.26
   94.33   95.58   99.52    86.5   89.95    95.8   4   6    1.01   60.37   76.37   92.72
   94.66    95.6   99.04   86.45   89.72   95.81   4   6    0.25   60.37   76.67    92.4
   94.82    95.9   99.37   86.81   89.75   95.29   5   2    0.82   60.83   76.12   92.77
   94.07   95.63    99.4   86.21   89.44   95.08   8   3    0.77   60.11   76.77   92.01
   94.32   95.47   99.85   86.72   89.46   95.23   6   5    0.71   60.32   76.54   92.24
   94.05   95.72   99.49   86.32   89.95   95.67   5   5    0.96   60.04   76.47   92.41
   94.64   95.58   99.51   86.47   89.95   95.93   5   4    0.76   60.42   76.32   92.64
   94.86   95.05   99.61   86.12   89.58   95.33   9   2    0.15   60.66    76.4   92.13
   94.26   95.65   99.62   86.24   89.28   95.36   6   3    0.44   60.47   76.02   92.95
   94.36   95.42   99.16   86.84   89.94   95.74   4   3    1.07   60.54   76.21   92.76
   94.63    95.4    99.4   86.43   89.87    95.4   3   4    0.32   60.13   76.53   92.09
   94.38   95.16   99.86   86.61    89.4   95.89   8   3    0.17   60.61   76.32   92.29
   94.52   95.09   99.54   86.08   89.59   95.18   7   6    0.32   60.11   76.64   92.92
   94.79   95.52   99.67   86.01   89.53   95.43   3   6 0.2   60.64   76.29   92.07
   94.14   95.29   99.28   86.92   89.32    95.6   9   3    0.21   60.93   76.82   92.42
   94.62   95.78   99.18   86.82   89.77   95.36   7   3    1.07   60.72   76.86   92.76
   94.02   95.76   99.04   86.55   89.78   95.48   4   3    1.03   60.35   76.74   92.49
   94.87   95.61   99.43   86.02   89.58   95.92   4   3    0.93   60.67   76.06   92.15
   94.34   95.84   99.92    86.9   89.58   95.29   4   4    0.45    60.7   76.56   92.17
   94.34   95.81   99.74   86.74   89.35   95.43   6   3    0.93   60.49   76.42   92.31
   94.85    95.1   99.47    86.8   89.85   95.29   9   6    0.67   60.13   76.01   92.37
   94.15   95.14   99.83   86.88   89.23   95.25   7   5    0.68   60.89    76.5   92.37
    94.6   95.82   99.63   86.07   89.61   95.74   7   4    1.04   60.89   76.93    92.1
   94.11   95.22   99.21   86.17   89.68   95.69   4   3    0.59   60.84   76.78    92.8
   94.45   95.78   99.13   86.13   89.09   95.14   3   3    0.52   60.67   76.95   92.37
   94.96   95.47   99.94   86.88   89.93   95.12   9   2   1   60.21   76.81   92.31
   94.46   95.88    99.1   86.26   89.79   95.58   6   6    1.01   60.05   76.65   92.52
   94.32   95.11   99.67   86.06   89.16   95.04   6   3    1.08   60.47   76.73   92.26
  95   95.01   99.03   86.33   89.29   95.11   8   6 0.4   60.94   76.87   92.25
   94.52   95.22   99.01   86.36   89.55   95.23   6   6    0.63   60.48   76.03   92.64
   94.73   95.86   99.04   86.18   89.05   95.15   4   3    0.48   60.15    76.5   92.11
   94.24   95.93    99.2   86.37   89.13   95.01   4   3    0.62   60.24   76.68   92.65
   94.42   95.85   99.44    86.5    89.8   95.08   9   2    0.72   60.97   76.42   92.58
   94.92   95.56    99.1   86.58   89.41   95.53   7   2    0.58   60.84   76.55   92.84
   94.49   95.12   99.67   86.29   89.94   95.75   3   3    0.71   60.87    76.9   92.75
   94.07   95.89   99.46   86.85   89.89   95.09   8   3    0.76   60.39   76.15   92.72
   94.48   95.54   99.45   86.88   89.61   95.12   6   4 0.6   60.19   76.19    92.5
   94.25   95.52   99.58   86.49   89.33    95.6   6   2    0.16   60.03    76.7   92.09
   94.21   95.84   99.34   86.54   89.65   95.99   6   5    0.17   60.96   76.48   92.32
   94.02    95.2   99.21   86.85   89.83   95.03   8   4    0.36   60.96   76.43   92.78
   94.85   95.78   99.54   86.63   89.37   95.73   3   3    0.88   60.72   76.22   92.58
   94.61   95.32   99.77   86.55   89.75   95.94   8   6    1.08   60.66   76.31   92.05
   94.76   95.33   99.06   86.27   89.09   95.12   5   4 0.6   60.49   76.63    92.5
   94.39    95.4   99.91   86.16   89.43   95.13   5   4 0.7  60   76.03   92.53
   94.14   95.05   99.15   86.67   89.53   95.21   8   3    0.22    60.7   76.62   92.58
   94.23   95.67    99.4   86.57   89.72   95.26   9   3    0.46   60.57   76.27   92.69
   94.52   95.35   99.07   86.94   89.98    95.3   7   4    1.07   60.23   76.04   92.62
   94.58    95.7   99.25   86.79   89.34    95.6   8   6    0.55   60.96   76.35    92.9
  94   95.97    99.2   86.49   89.33   95.92   8   2    0.12   60.57   76.11   92.33
   94.47   95.09   99.26   86.47   89.02   95.82   7   6    0.96   60.13    76.1   92.07
   94.41   95.42   99.41  87   89.87   95.93   8   4    1.04    60.9   76.32   92.44
    94.2   95.26   99.76   86.81   89.47   95.83   9   6 0.2   60.94   76.16   92.81
